32126318203687051470293423917726140282087410007251141399167848325026069647335940240623746753050725511247869135544125006868404813372673871985665318437978020477033976663511012368736665534596847486200374163317678086078153299041174097761041502087373281671619556468011741998560257438998811048704522733587739914477
20562909686067553143690717026739949314556636267250027419589435154687334230125817934704416396143083583520274305076709098748931824114043342813478334194439910449924474173273978124093883026785417925179772777738596630612837314526087807985757853990139855430461831868840218372039445223421605496363899360826104470573
15287458194576853496478579676947172220477062663917713702811505144625834907465276043079333482045276771347780489385525727020184804976725189646048729308360833236194554168025538264543452375209667079558721213349689660417860144852930718072860513618746654921473274754312955517435226333537821849435732718807150786870
1510224578874254494191401294156974346246882353333858107699997297361341781362188615598410443021212796150349824839337460515743492937464364419710111415972389546358818632810433462459657096179229715684180530223504710033152034193403953014678146429499340625532493145316726837919550157385051582488409378554827743657
23538864144094056964714288604727655453511756756090780492900159255656837223500338077441505751101520196222231598342047732719402365118679961413619095811091069033687872102676208219126354917863102272349492569181909120153367660287997061982224714372369127117580021878310939362750784613993500062192124703973782309744
13843086395747853590953544287906120259839031715466493174822209608825725871376712560797356889956243940477588299197518891996338627220246460118031818394579067037697536253172417232301702628806612920642539936012349488970588768668242323978425032569636486719596387970039362213307289971062453013804768813921262362036
31998405456363884642548986085497287423246600675272259618807698488535284182117211167867505966618827676231799379379411670732463359725630584897964850212006878913076268335434716360563404366359537071669795241634187120923803023402913477550601514007808199250645970981956482528738489210458781814784448373920658215611
4676509573452842189585055579663022785513821135162551660372934294144801669325902269479801786608178072782929522488800778636741580086815589370809698449396383284690443739998731192485427434065517081209278777730744746196085853400956974067358100530442400878990999074490784488270344193129662699273020233836174918675
22894386986097100818665762516687150414965222757280130352988470349427776542282373484959783467515031672092977993658282426304890998280796535590929010136228321117721540219886013730433093875839952750664357074847304642047101490086486169230692229717132861693598871519593279421269620202307349627498924126690185904188
27480053084553705904756510936555332654434670921519740344107158352576034580637161404317695865356492128380484700982528804838729252449950317174622341031124384349295041957331850470431144912979563352021106594842504133064707309116961327009481837755241482073080711177968816108470493431126322714305664712713209937692
5161705365851288741941666359244233269328697630762788556500634591654443544780724062367653912820608564055904836455492074645853550468081043938459346114923003093589628807771555724464058604511271175475861234780245517094362821619710276599000499396764650756185215378928744985411196835046365607594097452281804929467
28174205944542149891126079844901562761332032505492691562492565077668027321941393238530356740923780641905448271603743441337825283402853009484205055893768624143994753613797123718544798940188973621593735755857205058887560039564660768851383596687418755256498396108159135870402593444478272871641377936836766734986
34078375827870892943053750595564230414561596401946816573888100708850646271277240776385522570662713715650890480925913040443995475744563204381506272694355460024647105461724605615491663206636503344988540492118609524826595682781774413536758023316517252469693236908707004139341657100499167311153713224537248441565
38929707052914030028233602300565238027782318197832802682834614777209578913683497999596736923516748873615046903857702696050799682752110574796248678927058727533507557952927916575637046665647685109094365564006459357844254407479932428242892889727650250410125959971740809027929677439191204309198474231743051748537
12190152457792469366255038501544101146741296025702415045514709117429839299408616640590054584611178330553559227106910700756747091440232213854790028619362051426010771876794333987010815249954887048307966152889436306972139537232253887974892160274773264412808260336860630403976308884659300276586339386550955656895
9390833088138734098306234477249428876863147227992721926671755910254854581766304529119507439637902306538685676518606572538357243200130176139355386360665202122301123930584592702627651654020525592634191781009318631594815713386874097151003833024985770637174674556128967762679188730911509097977584975106668743240
24040028447590082653047449119210412711505078444215996597189939338539523771551537412740494327977600157854795765054261785434651786415097121931645400716114379628065338637959792107698552099435661316253347660260623436577990214980543627609504752027252230391876417652483300412462749249724253728116434644167436208216
37768209041628351593309405659616520006078240096390081656921868061066969238735198694082567040277149211451707356931474750756175125286244118801413474265223428655652200494444091430907151417850878286979922664249036687400649656551680941473310514704597471957025351971289050307641062599940015340211110993480369000902
27260931273625622242698472336531337116465321445786832282945298860944621748550627963074023683536698203724915929191950246700552588623661522026811628189888017952752536909522775215604946587420467266265634396439820603761794785296376335783503449640878921474602924693860487019814471986543295439039313122631940832946
43789913889810417477724964577654894681535829594886017141182766173105004136555877882297373380815739460385829790875452059755651808456290736993040503016149219521480252393027853227661578406822952331653837760134225148915821418478981876774529658125773596088746818569425505096929495313414853532382267748713301130153
17428766073007642624738681935597580210919757313785522818170539280495797635510494892458990249254261903882663426804618747740513670149321807835420849871897958180754877207430407711966807587173554618733142126980965704176374401898152135713169598687822834985150562535312052437099531174833588439115582875479448742603
1168944200390060692116464124754146095205368820395808844692292254912955033709917945272209546648701426172707031188967533592136874222247598400195528938146719934489664202716237878081350647260148647212473814527526211815906225502947960725295415191483680484465340159204805193209398563444135080268315941706413986778
1965035621672376287354310332424821902974610930126483092160212528078515715225516234014037940027774012619225706227540463385736087492973940592765718793309056663709198300050542751559178640312990251086180643210322877870124018498148121243209886919868036547671966747153214654358530860521993581551345278481836836788
43600772731347788046708965925063819224778580200186246783047185857656999595174933844329564159600678175596471532953234195323048620729768137544206352711979387674356468732194230601185449459283246012065939329137136830667713334355704912002527863646320866624101827439710949175559261933325746813894871195266668466378
32163496944439451509808917323701890095308742236550054419922358709291998852852929148187009379543178454944432808809633729481764795010006905768564598762415698248732430339600622831535615261441719267100650204006003462971798923570378579990762891535410104993160232244842665408687851785693934434858561820338164748856
19931683932753208606482070943691743801762808478026305561871048734715239676070943806430441612104793193348979146346609231863753516361563021922807494078485778476113547834050114119351323836271921308896376150506293623964282161127063774328131762132945310426812084243120301049919102596523321625719142285497562963826
26686646162968739568134995418099753548533215386072824041525130696648150509976908913830206411002368418626244430183603091353271111788581726246433097641947404540330682854678627383923627469311532552933391724403852239951829531094729141997246787431862851763781704798381496299241413735862163370095927787618149570231
10708931591161103098930317661481338809651496064741864311284929233005565042935970124576952379687389517583092755066836492546742126358322312626351731409737531865819817415993588764659265670312157280586983717994891513165691066847353553192546666051705448353474998462400708849539151828565169658159628411046497784753
11551869325292832988127943801663728102933790895729653440452961480275630837554701986566627934512217375844581426978355243140584258515639608635696859465930520934703550058404804665980460952263171160206200265042460035373916663466385600945407833888400823398008471921321898295450058264036385660302536113975286701239
26574627183147479676507951273855992748036458952706330499375769121704969044427377374602845344944146344068473290363135055470733497815027821982832182663962843859931190606454975948693411788889437279145342007322531203222953309669995193257451162594346178685566396251005205671216499242208269652853012784532834698834
5159010263621491172016659394268495203300784301671608651957072450780359687231101060850385861059459727114191284756691976025146758837181643624839647829203481135732135711051248678321211238167274054329567656697592526240441138432977896187929285805328152735619824791187795933127352587982270703857517502389600736186
2741959237525012840994242023802736101971856891586843075017694761724672713314228135477853350166140356780289498050440673510567567518641827291807337505534652997913455961923401942260110341214577888453525089180138499333666019955811069111903034422039038122404374867882211358809310604356335211177928426717810859642
37417651257929665724704187743911622601248490247399570358622077114864209848736916074519202585993876751716814134279902338030297636999586319453898585631184937666919420529109063289661085658687712850662529043224641122845348780759742096889208115433515175460397854850748316466127714799854717024213895953936608127346
13609093905268295671591430234153855820169664814035859177046599174078272403067627016286473179003730378785438921919824325575435666571501615812881072819773942332402908966717734783333969905869232409546075645522376528599429520608946139975966036996128678533051224455137474235924312946477817017373602804229674600071
31768458735411090991803382874569989917068139390016716578627280890274231424067912658753012896662109221427562247990057920443000429794397615090112761477647029994599968322110406201741314669684124680762911579533299724995197607090188464137515077101462484591156186453262011655385945444986512423685911555270736643076
10567580625551636768808906718344719807698323718463906978918888749730600267248892975781829318477550994880261084116078704451704256464746660614822491867628664887009051322821388949618143500519347019417536346219291966099783121555004003040171536215176789823221229907949267610841413871329639255112216099124097161123
10302359532752606550111962841367952771867820562626164290808877870139809937732871711031612115556592095404047796562440815701610370674363962121763840583510446959451371443279869951014603964302434315790179207792912947053809648143000682635012862313719380803991943842143662706941047078261681502812110420605795858500
35648289588390264590055653355527806734975981309224832144428153824711532364358786237264482912973194275966194397258311410473591954751491280269808153100681837901797544140723452844213244411179384518597275155885200828651061261796542614507739839891535285184371326343665461603484948329494738106864453029920196973087
26441506167648993427775770922837301942343202300154258252352172584751434438372502226432718308584059340773412338769110701743582315530450875532564757417134070294023117362042624135649450519652278384570329350859132254723605293823815537720841418093143588708169022022736153914386375893657762358231688852062043628474
36508275520292534821338314554544652282203687757613736168932249061745016382672756894200206457551169729172802999538334440769744378666190057688940138915389886181743670660903868214169221473619692437272321238016520013571914931108668634912027480860928204007475196088311560087118355688385651721590968629533802057950
39276716450898803539049585922795744626836846195864465807172199492710698837399587486370297118669043408227515919732733721536977544941162310672882241934913593194507866962541441074905658939477505870599110222093034491303004126710832570503582285769659965105900265305673271004082389174727319049728937678652562055350
18881618433907147676239750509577752386225000315754926556322230789082088816454918926569809913027292269015611795482994816615342196645066134130806663958189007842101141961519163292331072257856878960126215382477771280191259810411100538822146853644686345389002992309815547454741263744750045365510226484826429746048
17191969920378440202603109153163058398241262584067075391573714807181199267473638255559138094441654280174395266108833641038573767637337819393223585420274747696517533353644714601749083433072056957778555546477354324178949982588928744469854484244092923476514898145929547233272380901978557037237897718977528486957
1968568767622085226200319648298435396982024552186966302160043744801834827411491950656940706029830820617761300574746663183097798162910242954873393213958927167313460747513437024156638198732802323620250863341212335040598006478487447075468668346622864068464621682844800852603872962162595179640761648124575651671
19624321008108122314178111991033329457786728744775922248900174407811367838426662962773716940169540088069784129681514463012036837225659568371634489438985551212942941705709226573056808453562776168615231149715489027107609495057943654638244562474730770933251234425247895633802047919793674436012876573908890156776
4909541811268428135901111324144433181246438514248715098883408542040947874823912615445862770524785982370457242097864357245479437862190370068877239578959576818317056063333841691952711153590180756946401531419943090213339103053758079293201915727091564773828614011417343659725730165048750827735397283221242332069
40506638692165945372976069050827780939122082598614312696184163739998201741448495221965239583263193321391543235406955550737985674547146484595488079005816175605095995728955055649149247866155366450260724966208153897854817762322538957372992611708763403142513651592718377298002549935956950366601351841866433935766
3479765466508394657132838658705761951677098494062217725184448264579526780326017090345873875987952878683826675796171307225750427358044717757749760232782263402649636204876752926918011716640279829916084126094813006359359020345721995989179530317212428951104451313317491479482565091019319213351681825165292330200
28520310049580087064575154065838284646762119382910691950328012487154942105555326424902404276697637690074678379903151370051966597598891559571512597633316061606782928003400851182087004163841210220160078125044392561903588873869221211191992497425409391996400871440138563683786344699689678524880956011893435707905
23567822306704067691691558665927900277444025725855407933185384891131893138277856360621891130612047045316705544871255085608660335019020655584961674986499061857318028135253619995631111874217324771809076430121824979910364844568104565116178703837039909556200417225460570379184509208158536688405668471346389227508
4633097435713437413847273714267067766989030287904986192112200941631916472241331493535993997969286597911123811732454064577775426394136185519736884975642394931145492659363413668768110455073881678586959917097171454398106618765366357581789200108646466402320248612518694692100864288788213044220010301224188302149
11011497987486796690901830966439776459834799873044175775630286845561985659835555655901231738427646197972953323676722656243970761432554624636340115571686298859833083001715310645123984863139189668094872850800269605864230994488024587103995293831039003307402404879447488369848817807285611245273301612159152309667
9287768491927096208935086130491896845324703674193689953672828496564586185835961516439509536375272112829012615472457676245419825174804052949638105970287483473352162180699441186595010409942975837712787553497886746860204084644748090316777466544335370267438195944498721908031911962551824059274967390668050940988
30301429728666026212801481659098137508857860669888255530072935916659995516191309156954860324610360545168614816341489526666225527437567768913643917275083489084043236622934089242263229666670347610158434885221464235407932566369104884618936196710679276759930068146617078369138016289507992151069964267200214444984
17273457542427135322144516834451267435975454117824022124352944805987642643713595983380276695272723304888551447384537340864315607005656968004508004986699445970586777768423216176236382420321819782599613893302832832506689355245545211858435502411752173040779747105413540419388301857183642751167996111565747163199
3845148219833977781428669628709146243910470340405780597479081490566445865377738735011003980056303412123416393232829751579969678995292090247156641280357975077181924083731743574229427672766909636433875732528834108141643455210205065397333204501553904553007406090144562427835662516749050077584322184296270113081
11413572196523071343157962142641870567199852191219612134649593365335620253164323939744859878139774761832734144468139444013939929447908215657577877413334170126400867809076642918045901931532288487895998521690116113762247630579629744613266693858732834551270593564950051494667052504219382761136827968689051121978
34754164231580084780028085638584452176531535660225733138525716540098858211236816092012782928588688227144950646582633804452188649774445847082984703023847850485375820393919334404945473226460018527265611864854675780079613361612894988970076095535868805604077066237003401293442600752535292523033177214895951293314
28154980806776379996556703760449821267113097381016032861634172630472610355775994015863816024090894458796705547674519872968410123146556872556295209088248627451401292398816637935721872636695274991551698328484817345707420811332527413209181897970754567780385753719555050259277290929987015179488871213013527626786
11783617948063081636247889806757143384226257850785449768940154165120096848616593558500775538655552501551475257400960771351764151649247359328971425107316841479743258203512391537711091531462872360575071300982378407609028995652345577171954144393088579687512968360765271978503660731961066981819111153192774299512
40278158649840473187513098149336142433367200352210571518268981333448854718770036082418360705563487123168018682078642741750120452533917486907728476204952565811059539959834651776493074064314951332189145652898456783367845481947450135579860828886726891124609305748420895263106289506743595121702691041065134572469
40629198105731265546517631860440234408948169570519667553973853258562765630435786022803085386833909643474567224644899694799456552349624147143506759492368819159829609268013321120465977083133264652588850560571242860248499216177103933098355041217978104808812155785121408433198498121731636985472535612885751755244
25411155360566102523964850037121722669660336719027583673858627593612686097191012362806044509852302569448462008733966038925334615567945760638997250887163011694040095710442141135130245498829366464945989943968396004415439728709242232873839376237273923649485176182429748769444529332605645314288995537084350320179
35520014582323548139567365104334384913392163293783136314702855000443068656555622670290494987478054751758842678969082307493011056311751742065783878890645739676567046893801583966235826924646502122405110204796480485031472307725490986510607401298773749782523239165073137838523799658909036250856807468595219938303
1873491148211629449026268347638794277435771028255670420085950381148240069962558707347338645049879353511339722161107297303012154768282633609806629661882991508489590989393207787415159714742101913043655454402764036553838091884012916597549748068863183873549099402637999903914459873510288749454524669185237597759
2097720531348657102664621856039582002038161401835668481304850211886311746154306603111680438282403525411788614131590752890892189003107937690995952947065559025353423199205309765320444578183510266701402596986832157309696342128891304337466422866653794739889908508435754187293039567949777929595689996363300533797
6580227643115774602106973731238891923046512404497417114601464178420091947765790774597080417459028396934479554119358199683652240560070249945436888521934038862448458813031661474397184589134120170155624609982462653139755113524418636955384405505155900729799287571680230477019442265836866552840396868364622312303
12076617560156903638984164705237476706830629173679798600003915764884692416955509251142499725610884607560606817143395809764074029023032983585192383669619269998606679157619331907891307215966050912628850462557628613732998459697803947461194207053685524196057655032674107842757045309571461250508946801151102179128
23209956264961854930577755285550866777405017386168442328582547740309932009133646684925040872135553373080630435652502934511808193185009576278605955515117423963268934360282365795569731128615999537768870274952036498455656383120888057975459801184935703195464142011667749252719823096209596540623751770899426665064
38365229758576869027751919519638499996811467540686763705675736283843517544125866772338799692512437483406969716536762360109563117738051976548223564660437968036447244239407592499156629077961478805299846894277337659334533981289248972062576864639891677761596928463930498220759892673825758167640806374800429983187
24917507807380478145993962746897061365347032258270768838680065997952595869562105272340829722131528117914414921214835762502404680072091485789613910950159842065953230010404096546531560441927076616889369298702176477022872356819037373375700098642033303208093827190603183514277230426173672247367205896758722402909
34300538405630382018901908564646924825342939475701968623978300398184683161667219769656842742526295673586514018536705575831192089877653319249858452442321475804632955659348646364008237434851739441638703708570883943018851697853203566874668049435083191199706744142530170165962690758900143488042991521174705748521
19903969197709218497932043348906265911841623813610515213791968567795438084063136262537478892177769867338314577095395063707011107978511518053034556364926425935669251778317007319192098909308093615455461004915054160103414442126780190152390372553767970300955739958833729548458507756453703728388362514681793261745
38286121515043711036685059173685612989862742800879012167936020856814541517981026669061736470656963986145700299969730790334509503685177280062087517101438786865740659244857288422681337194867358124472142598335336710677324561089546542680981663356550275842872394444084401224745093905927699644894725735584264457852
14264795817123631800411529711868489889047168434580095285847206756999634004196843763319039024288362476465006876156904295746251693529220991646703609824440574840139645539496565328668254749023807840466877464394668716058835595935139243751281281823965364422973192092113260260482374952836796967677870409189553825506
28749790967914649399194556224835192948559762548372946780686829621121428033757604033193160993717539749633880403934897942786222078646082931385801200932232510542349961556190425596634429372111110847145285024322669931314980625944182484068254790997274659846886942582832708562416931248459779010243794607570728383255
44019968119694756973434815221076737313394081048079546975124964119765250004966445095699085829403880158487061686803005909157181885461671380464082829244523066249411184721500909458811143197405494921232712337753696522467740760748202546179030445077164230794776896943647207778046080837068587071532502229570563289851
8095168611889129988224567956127909893079998095339965844377402419877599948099942527201354036808777143305414220078696829319682785441743676532364351313204809797556000459181152480050278566064826958341341516788316116646353325302304989691539557450899659746184764955356710215561458294671887057017234490223761115507
32652927757800059229152699188370808724070234499826231576089415804266444829797328227826789691049591095292953882473441865704786766400257366841577618783189858424807512193908440967414992463142130128396250022059782986651787833573416194863726665810379468821893235968343076916206041277049767366381165515669386009303
10899874068839666565396408093945973600512589019142990378050518930754811849376540332126165567724135561979368512001825015999023450739133488816811158996375832469465684674018339661456323441563252307303593436411818915181222726360011743936975603019296240742832975094932886422668976191900330387711875576201605547970
41125907785734985990045965865701313896458056182046084968172347734430651091496705251892548215054248840335553453027551893625444058464902557911518477713554713195684262847006038230446063594265592110214950590148404796786179735179371434612198967349241529972230365104831541228143649169583040526491929914288803206107
40387997721706744546866445201805926987584890805026380517241001633654159798527243300402499483729612485820910145889359828505864425205098041558079894061452131640539785779380388989072331235248051226882373546778989028263598941246022847070511836141782752750161108945476292581632013530101301575965544829248422802821
31652435037530301002595229415150894196804017825181901016044699741253289743507463581820003414574958928098438086602436891070294268813111759715688810567745640749073274905910787221280738263218690170302037270588896874480339951443074187880113491130398863512497430474643014326096560522285413807144382355165087039299
9688813065058763208558218190361885583684204579134094398452839848142154055675875174765457862662440852255531418731843318477871616120628712789565519762831093048757221447566795888957476678293095530795093883766689960651848132716188754891562374133778911093014244810463274746393722213823251569922179993572533750533
23397262254287198927166382156988432457101793918027685382587719603755765131775208660944672882774925114350095475837617081065423042434654695283306360191138002040593300538263696015509101849723125773621019123888121499249101198089789059282963838433106288916801251420000773559449144307083833101457400270094522494649
26822389895618732295947850846896011623093954059319701305923550173201951556479724438894044038981911879417412926150216351364593610236211631620274786810938578046128507150305324599215713080022592159534529149999489386454488428989623540129835177430297134621065814301749053864655682467912573895659586740981450460785
23141083591856966134892748696794502067304662018956954093709741014761587071619470188752448384381165957311474930955152385276948240236836420519991960947948389226488298802008399870117039358578321258842660841084915414237510231307149446798290212747726545338526402300908078275280724457687820624673049725715646269958
36407626413736102027199157902318778500491165432014879614165257835994932320543763327697735067722940145571855452552335765596948425454956658829387097114618601882061581263583616331852647969399795796057231764821056740521234543521773953800370233666587839573493710409972168326025091403546656026519983405170405391320
42953334002312063871733983137711233887884659401502604791378244638432818740660905657628318628525910614874857976265550513873392165391155717803441132738946429248981106935094539998267560219415566913488628949999005919989453923430190512061091812000888632463452620798936676083881998748258644949204049609652103636287
45242651140564377104145177063497006428646723742262631434586137996063153044176878087841934075646376492126290262801723011919528160428398156945513022815916872580706298191117672186648555237389625842060878075341468496042788810644763811990076945613620699876138768303790655918999652429464138758385724572877184345756
2463595901281702294377195134440110827380952766221549392988278889406241952354348842931334911511604499087180169466405192647229707041933720011395883948166964401318667846105456100246707379202031691120708591857603068316529317931579233989099262606594155811721179510229762678207541047788676858194749960313683214990
36050001648870585813258204786316004874583286980760423464159583295760409770430387974061107817090868850695980532126089740130034817028212949372075515645253311612140667594686187563850969883366486348388233955218433223900365379881638353154046325235396240545041756819870151977176431297496048544558418813241927612179
20870742334744398607214170434394784089580389399593647497575265866855755170866725256504772745053744237318416653749845535705323797193369966652840702321723220597081129069411157988053018607249938956404884606601493271808883238943366780733109116816699561227069520107766411283345865826766756468175111433329339709822
682190458351349647791192510136784860807171281373300505169067187922924535483544369069582674084931155145887936528741084307629560003934946395323703301575794476440266036059068347083401541613259017304382392486245055942281460800990607938640119598349951794342341108128020700421190320177939672159598132429292236
2932944706019485719240491525806144604193728010090744739776559273066100080825208285138896622880770948384612789931896596442873764708675316418647046800287753650082433661975081777472496461765352889348337070531672948590255956434436953665845144287237964565828655369504562333024963975926271615016382214932153941850
35248970082825303932988552759498455597095864000571576679879352424049610372304906678144045381501312976180764059360102895603144803630781324062669260886955837446350674225852169675715844890159057996982011545558806892377422923411785111487520081789014076694175078210339561280101397485823112243714945567167071823472
36001119841690333189998786273437485445234508597679071024862122223414421511803307532904697233578922744062941807132953016951159684880599398345881696408953188072903833820354511063219403951893479706155821776099862415371968488744850900080985875951351444236592261449084007761608685601564294087695621746600860347311
25184604764628759114209578443596546788815998743479079656313014597992189452038315877206634620435185706667025348269545412958290584435428226593581867026237751267448266785339975877833407214849505404590550405174588248637783238487542383693737647275453081477082997104293639954696165845398808459405164783886018690672
28570737964205707926383031914137396741370887614824915446555987632896414681296023164148592640005521516875078977001265395109912710321817278661301961750683464261782880236943856654448230201456031566539823431620608668666016455328124260066931135347827021660526948110741674825510043215658251145229576798176977242990
35819758351033835979516797531526908487183596606278499497371542000859914475693687080966068497682978199405431794375078505544484000863398625821477326750217850343372952480824079600930340539963517685008029606106319080810174270426951951690316152116671624469445372685982153155079895626143889110058443203862034762167
8318776885947409603043343643946678628392982386371722817678761227407867926540400344336038635393635180659717852656601526292402780987934787589938744712496250863938675358290564384858455906712033138688161155489042810481357777288210102677678434740556063524888089584007582370413950547948428156651649949090137250246
10311130732092418737704677853879462589775733515834850427592899784728482522934798713882775619820462427002968860138352387662136378403263748359228113345774677645684424169302719482646630047839341844338933531639993610900895063943814655699625300662610756298776177249449820291297269743259551252107623188443710637417
2542784028887104965806170827120349776413373873564732570476196748945298425061649115108014831469799372725500345944863446760284997614772910721644384755417733765305350061300338048109741720739370581386140366593545749345360863973938470079101646739789946493539017121643367075249105354263067513197945159689441372404
41686564412836901677485871141897234224347395836495374532022754700597113260715231454975936993987519416281760774745270304789571981192296247970351556329774893101442436181099404617754020256407278754455491553973060093496375075274652888419699902247930269813526483326561048679936253005472996456968627053054412814635
33218565645949449114011119818716237640502592316448414495112855045676112182391907111765557060587664603300003082186499984097443996342975084639571337337870740432236179919318138294865634998622907110815890925481839604934328325866228520253572501653969904914166742371340887680007677736649615041720186652555417698968
9166244369554272934012011545933234744319946374615240498927203450588125505496825829907941828867671501088243211905334025025233131617666287136013405291718946502643546694744225371933401176949293323973605931792859344714815991332077844025998895172329514220969088539246869963099641066563427656151559116577457997028
16626025510656472918869691147620002718426233277839277787832079594339980063180646601389055794611930917848041464331517016074539767415618876913623959642128337858105570691913775002544374594702063565372082087657525609541126716623013897655313857913990726841612713955660430704559428249451438056737941345432736751421
38465142990434255799918371580812042662683999215258408186115662316329255016274596876613043742998157105982862405986470842105056980953310646887683231315690967177837012062200471791396513381554060740051819922980722000467306066921192598511464601275382531474344725488759228368535625588412738803483200759300014133082
32791031194273373311418873238900567201763166143228761020952947090284217453676956532816232778038289313266426148166961944020968439340604645207088774542367830336929919233257753077244036884925200244076735068129910693858305964495939078545895105523976089660629143445360488603149822266100362848046468131742210755144
26758172923990873424798183147435526549188558994252071538405736257495303943853586065652289238418044302866143026168664346027104808099473752296737687527921571203862912911832158259376830172737098629720539865666446469369720901353994020092111488860637619528384461946127537600435845057138650191645768464272316680495
19452405403504522468427873754629376728739450234482947367946367311401849026094843634371178250343252614338504136974109918339822818433250583817290945921179047751892162546036605247254963922385732336533454147881020029608151532033531740458850386501537800645106251602552496910025170865192667289705747882786741514742
9925130726075098958940635847372452630308854538616946124424619399063538567088873342045095984330699935318065310408433190275096534252267833276551249598733314660802666526225270062238189438994608714948488319525898606271186197470861331014637085783025135336316415597245661637121501568031360252781219562638697229091
27705635794828889028637390802524766916839721747785670422593730839969514218687973840775801190189707644635713154520125987136861363858212810524029506824304408995188341007333019362548481773181959670052994083344033372485408992080362968113839587905138450157787395777262632643962814074146987524169763303286357988800
31770012124849148444186130338826555607259219769289405955769809532016477396258713504644621200198875878830039607212254330366916649767843393373682926584006033276128197688563347114910664137169511266594137946313937877864803288437251515288606851010133532290436571358788618579669811768240177849318598147491588678445
17202796483367584470025840564300614734874549919012754428904880091257184565216965554196063061909916016656889645572554965141990719616981430513674922598636519759903795934079376335654562765742507580865085229764046829573648958091678353537468278922181153256904355367814969121642187630249831311204183045613389447938
17448504419418529943158024458451890932046125202154236448604304339347793057645282937464364802524589467670218178958131917270590798318889654886859114069999067622989977045013509461783564143992006956599437935564556401150032859377264982261741365894416268886377424087996234382255465024188833990252817793027439397219
4621379106258278069986485982637990997221419627201588806363681590665548840019979188540753799549956595923335998734751332576544017254112635042615057470426883259399125600309302614000621880757011061773042822475319946721011464817500385448613930513435010569138237779773413808834023520744638562825060275979013115704
27159636816127336576582978321404960609521072366907046480496519901900195687679020465341907557356319551309928671078774665948085448880950244821873096418835526508131134644296158636799483423060867760419323915312154187375203944785013859527070062436621581227729249999834554205903101396656375695049913760784860124447
42355553744936692353385837225128714625273795805981956625871702626779155185388242213144703113225744156178887722485839764672587865474567027878089736573210253164072510834716927281027486013979791338955757171862287334299055717171124162281098307287537365409238601309785180258803569862489585352034595196820618671584
2747664998522009107518651801498815425597316587828519785866149853104756763776543636391459179924225902724516778159002996163921230448639606713404067095658471743098913183655157739406630103761852108790292644266649278977748845266334339436042503748196499660913720056611754122582124586738484102423292126197364338219
29130025784718866404887938292131237002246252289909685547314276460881940671846407894432875870605859265878397333421470965571891698037207939553076506921426687912209304399018132744599164143316181478898981567857912038104437528073484787582063799291640602236074432025621447909102115195965207153305375226556576702136
425636600274584212148898554762011500261853605858584181894841527486377510362132565013878579731429572607892950968613595751001339317601015014849415700901870278940280334045091371959031884192232179490539882775887974210709404508111752514212368287713035660503956273104927004029476024108582190835109217737388388242
27722087016041461829128399044581864005855715229556507578070499687379034586612933863096244163462365935258667369588907599685056611339364775321005348288115196998188740952596568229898629879203935596135783725019463116918725148158143320659851819867254457518081874734387159128570918647152746550220870702848383218614
350065638140208409362973200345940299004388200300998278701606811183335058151091187550177218928702835083516335089619188135259999242729540097024357808259069651408708949263536957021339210960902248388643184651096015756366722796684924560463541477093654072221923859848026160036332575610033235058296046874994222592
12300683834043383911183192365613320025486834254789916083611143734439079545141815952993941411885519748110733171003319039954622705178076438293054745288967871042717928264686187471877643212009298245813900347076912878243403132739113015016543897556137480395104736239000515016139862844614601032430852087181281480731
1356173291435471217329051657370238271145745486824013944681400596010984770297217768417006442573006723133752824743251158910043857464283683886616255774554885913420097043099017492960075356107773737584715114469030023869457986193174490843147283933134315143729015034508040578684390706679550239877680261190502769914
19355944989177427192132554483885792012778761838602282004075630070026577606180248229864127078708936505217418827773426687247106061630869127899773334341999068840512821631581868084150035266901453951849928719127195888370410872516540693196944562740495338929797556647124951907782786516393039121936783938954384669084
13969318640516002090948608789980435640647060742622664999878566872709943296536838743175036723058560713782157055516235563450292043460630433866115802575050083367226792762512496668175674872136775551872612464632868585559310155613950227020403302658908611464910187130436994453932243865250529754654972545413645890605
15486628949026178175427703821657901645971217295854773755826293868676493111595276910111596459427675074132871446474936884831254670541602452816455388493723189915181850357733079250601128950237214269046209668284773933689589666340884517177740017503026682221580037765328009537894835432557841911662905483597937115039
33608055648698268355328198781761303322126758856127555670173081435293721474033924204773165137754257501637016493545563195569209182560790712611132708926340013107450068302955286547746108584695454561198901215192243066475183682159182590839432609086469520325624901005758618056364805257179979024185958097753847550729
